1000
329
109
137
247
661
79
339
109
686
249
45
928
376
247
2
603
933
591
515
748
740
541
409
917
245
206
518
612
4
842
958
216
142
401
558
931
403
988
183
312
575
10
603
450
694
743
827
721
205
138
12
944
443
369
554
276
5
202
277
858
512
895
320
886
662
91
576
328
573
531
792
525
792
942
236
580
212
291
14
619
937
368
647
968
188
837
781
281
208
648
175
976
364
17
563
516
417
876
480
96
184
319
812
92
246
723
550
539
288
755
492
71
71
141
713
130
735
692
380
798
745
903
360
572
739
306
851
269
799
972
985
518
752
890
335
605
505
409
960
147
422
807
287
958
281
333
103
51
853
415
83
264
974
970
258
954
942
21
42
381
226
313
136
20
316
720
193
506
773
857
916
316
750
723
173
972
848
793
97
991
84
819
186
252
649
773
121
192
639
473
423
508
171
1
411
210
160
845
60
471
518
674
975
724
722
974
492
226
439
757
151
462
671
627
264
617
334
767
10
530
795
780
310
780
351
971
53
481
932
522
310
39
51
922
720
464
76
582
682
878
49
84
774
908
685
226
719
131
716
103
339
80
220
697
969
95
505
102
806
245
709
790
156
587
430
631
611
842
794
813
549
578
836
169
769
349
242
587
522
900
780
549
725
972
112
567
558
737
519
692
576
87
680
369
587
436
980
191
588
600
286
210
209
881
595
493
995
785
923
223
657
102
940
562
227
312
416
751
925
414
857
948
122
524
329
199
347
619
979
724
658
226
41
549
629
12
971
896
795
431
881
741
345
114
528
775
120
351
681
289
346
546
514
478
553
408
810
756
381
62
847
193
856
65
683
871
716
301
883
628
602
188
571
178
986
714
695
62
386
126
411
383
498
232
551
514
756
411
570
253
230
617
248
788
447
73
880
28
659
524
221
274
341
276
774
212
979
774
736
602
666
262
304
445
632
417
244
821
22
365
146
734
234
488
672
315
422
183
915
809
663
630
622
178
74
206
525
784
424
636
753
344
175
26
978
892
593
152
332
890
551
539
839
971
658
855
148
76
745
369
381
666
136
477
504
868
761
494
970
11
283
563
947
181
11
35
530
35
476
261
124
190
975
64
625
103
325
206
498
911
415
205
44
611
431
882
334
333
725
952
637
590
606
596
751
141
288
549
997
778
934
538
951
26
109
967
922
782
986
171
908
632
145
438
214
572
910
552
616
24
302
220
628
273
756
77
744
633
816
511
315
694
370
141
689
772
853
472
952
868
331
318
312
76
553
356
868
200
131
749
710
508
613
382
963
979
233
48
374
274
472
710
952
958
683
367
165
89
377
372
472
290
722
586
749
761
702
977
749
306
815
568
541
733
704
710
149
751
201
631
947
316
282
819
496
57
746
380
34
834
573
366
724
574
583
151
76
744
335
155
982
437
788
226
162
253
486
761
127
487
555
141
406
772
59
826
334
110
567
673
436
142
444
54
68
728
940
721
849
238
953
842
857
967
141
530
273
980
604
2
362
828
436
295
180
489
809
268
165
813
85
533
199
489
495
232
134
363
702
711
606
881
830
130
404
541
511
258
504
200
128
895
451
594
34
471
194
978
535
493
442
592
696
882
148
890
516
501
755
396
585
255
190
966
524
647
43
896
716
22
66
287
524
986
536
261
825
31
67
48
724
637
780
514
145
9
397
165
566
178
388
448
673
345
726
684
228
19
788
259
857
223
640
486
481
912
6
842
23
540
704
62
725
764
605
852
976
477
150
772
760
791
982
358
804
392
685
836
397
777
207
378
283
294
357
35
168
942
482
779
594
822
545
239
150
57
169
990
566
792
522
179
310
200
518
27
496
134
323
606
634
447
745
364
221
97
591
687
37
328
457
457
336
930
914
515
774
625
709
799
315
225
257
699
139
647
722
640
262
997
690
956
665
476
652
424
679
632
26
317
669
791
29
670
702
648
465
582
204
745
614
123
561
357
335
493
71
559
442
714
822
257
404
31
868
994
26
762
155
413
169
272
336
235
15
95
287
967
165
25
215
542
769
459
439
757
971
79
657
579
10
532
850
727
375
680
764
770
901
189
620
867
712
906
748
948
731
324
565
803
273
611
764
90
511
559
373
352
743
544
712
607
79
4
340
493
397
96
682
193
427
71
370
157
324
81
687
902
275
340
579
882
854
926
266
654
330
22
807
149
693
408
268
864
708
615
937
441
384
183
667
821
149
644
137
778
346
640
908
177
346
621
33
386
788
858
812
913
973
435
583
159
171
542
93
680
310
206
931
332
